2 0.675666 0.271053 0.174803 0.0903509
2 0.563363 0.717544 0.0325444 0.072807
2 0.948841 0.422149 0.102318 0.258333
1 0.074211 0.322368 0.0734714 0.0684211
1 0.177515 0.278509 0.0650888 0.0517544
2 0.993343 0.837061 0.0128205 0.0864035
2 0.367604 0.0747807 0.119822 0.0592105
1 0.297337 0.857018 0.0271203 0.022807
2 0.940828 0.152632 0.0848126 0.0701754
1 0.242357 0.0842105 0.045858 0.0447368
2 0.391272 0.867763 0.0784024 0.0592105
2 0.519477 0.379386 0.0419132 0.0535088
1 0.296844 0.883991 0.0295858 0.0320175
2 0.51319 0.126974 0.0145464 0.0811404
1 0.252712 0.487719 0.0276134 0.0280702
2 0.335059 0.472368 0.0877712 0.0491228
