0 0.0176282 0.464474 0.0313116 0.0149123
2 0.942801 0.149342 0.07643 0.0583333
2 0.690212 0.271491 0.181706 0.119298
2 0.578526 0.025 0.0475838 0.0333333
2 0.38819 0.863377 0.0949211 0.0635965
1 0.296844 0.883114 0.0266272 0.0311404
2 0.942801 0.440132 0.0759369 0.322368
1 0.293762 0.85614 0.0283531 0.0210526
1 0.241124 0.0866228 0.0502959 0.0390351
2 0.517628 0.774342 0.012574 0.0811404
1 0.253575 0.487939 0.0249014 0.029386
1 0.0727318 0.324561 0.102071 0.0807018
2 0.512451 0.124781 0.017998 0.116228
2 0.567184 0.711403 0.0313116 0.0877193
2 0.335429 0.471053 0.0909763 0.0517544
1 0.176652 0.282675 0.102318 0.0741228
2 0.519724 0.378728 0.0448718 0.0574561
