     0/149     5.84G    0.1046   0.02447   0.03765    0.1667        10      1024         0         0 0.0002221 4.185e-05    0.0946   0.02057   0.03472
     1/149     5.76G   0.09888    0.0209   0.03582    0.1556        12      1024         0         0 1.671e-05 1.671e-06    0.1047   0.02192   0.03622
     2/149     5.76G   0.09516   0.01833   0.03438    0.1479         4      1024 0.0006554   0.01149 5.542e-05 6.095e-06    0.1032    0.0215   0.03469
     3/149     5.77G   0.09245   0.01811   0.03228    0.1428        16      1024  0.002977   0.01149  0.000138 3.561e-05     0.102   0.01454   0.03262
     4/149     5.77G   0.09147   0.01795   0.03325    0.1427         8      1024         0         0 0.0003128 4.326e-05   0.09254   0.01365   0.02769
     5/149     5.77G   0.09045   0.01647   0.03226    0.1392        11      1024         0         0  0.000186 3.243e-05   0.08679   0.01388   0.02555
     6/149     5.77G    0.0869   0.01506   0.02966    0.1316        23      1024         0         0  0.006658 0.0006898   0.08567   0.01361   0.02682
     7/149     5.77G   0.08941   0.01448    0.0295    0.1334         9      1024         0         0 0.0002146 3.321e-05   0.08365   0.01343   0.02512
     8/149     5.77G   0.08836   0.01558   0.03014    0.1341         9      1024         0         0  0.001153  0.000164    0.0814   0.01368   0.02515
     9/149     5.77G   0.08616   0.01447   0.02853    0.1292         4      1024         0         0 0.0004303 8.824e-05   0.08192   0.01353   0.02356
    10/149     5.77G    0.0842   0.01509    0.0285    0.1278         7      1024         0         0   0.01254  0.003339   0.07808   0.01359   0.02179
    11/149     5.77G   0.08373   0.01471   0.02771    0.1261         5      1024         0         0  0.003663 0.0004906   0.07679   0.01352   0.02088
    12/149     5.77G   0.08146   0.01563   0.02837    0.1255         4      1024         0         0  0.003015  0.000728   0.07336   0.01363   0.01995
    13/149     5.77G   0.07837   0.01525    0.0261    0.1197        29      1024         0         0  0.005757  0.001413   0.07057   0.01366    0.0187
    14/149     5.77G   0.07942   0.01653   0.02674    0.1227         5      1024         0         0   0.01009  0.003609   0.06734   0.01373   0.01754
    15/149     5.77G   0.07835   0.01475    0.0252    0.1183        13      1024         0         0   0.00952  0.003028   0.07021   0.01348   0.01686
    16/149     5.77G   0.07772   0.01467   0.02456     0.117         2      1024    0.3333   0.01333   0.03615   0.01096   0.06888   0.01356    0.0165
    17/149     5.77G   0.07507   0.01655   0.02401    0.1156        15      1024         0         0   0.01133  0.004044   0.06757   0.01394   0.01497
    18/149     5.77G   0.07669   0.01457   0.02329    0.1146         2      1024    0.3333   0.01333   0.02701  0.008371   0.06763   0.01373   0.01491
    19/149     5.77G   0.07457   0.01463   0.02072    0.1099         5      1024         0         0   0.01346  0.001667   0.06979   0.01354   0.01633
    20/149     5.77G   0.07538   0.01503   0.02224    0.1126         8      1024         0         0   0.02725   0.00431   0.06728   0.01356   0.01508
    21/149     5.77G   0.07518   0.01501   0.02219    0.1124         6      1024         0         0    0.0139  0.003625   0.06712   0.01358    0.0122
    22/149     5.77G   0.07441   0.01493   0.02139    0.1107         4      1024    0.3333   0.01333   0.07711   0.01482   0.06826   0.01337   0.01199
    23/149     5.77G   0.07531   0.01679    0.0216    0.1137        11      1024         0         0   0.03964    0.0148   0.06396    0.0131   0.01521
    24/149     5.77G   0.07417   0.01471   0.02206    0.1109        20      1024         0         0   0.02624  0.005298   0.06413   0.01354   0.01117
    25/149     5.77G   0.07138   0.01552   0.02103    0.1079         7      1024         0         0   0.02091  0.004386   0.06433   0.01352   0.01082
    26/149     5.77G   0.06961    0.0139   0.01805    0.1016         5      1024         0         0    0.0234  0.004952   0.06393   0.01441   0.01352
    27/149     5.77G   0.06955   0.01475   0.02043    0.1047        13      1024         0         0   0.02981  0.005854   0.06134   0.01362   0.01098
    28/149     5.77G   0.07081   0.01544   0.01902    0.1053        10      1024         0         0   0.01448    0.0025   0.06821   0.01345   0.02605
    29/149     5.77G   0.07202   0.01514   0.02075    0.1079         4      1024         0         0   0.05939   0.01897   0.06373   0.01312    0.0133
    30/149     5.77G   0.06867   0.01503   0.01855    0.1022         4      1024         0         0   0.06569   0.02246   0.06468   0.01293    0.0133
    31/149     5.77G   0.06821   0.01506   0.01912    0.1024         6      1024    0.3333   0.01333   0.08155   0.02594   0.06256   0.01312   0.01241
    32/149     5.77G   0.07094   0.01539   0.01877    0.1051         8      1024    0.2015   0.02169   0.07891   0.02872   0.05901   0.01361    0.0121
    33/149     5.77G   0.06954   0.01503   0.01806    0.1026        14      1024    0.1452   0.02667   0.06483   0.02538   0.06295   0.01295   0.01337
    34/149     5.77G   0.06746   0.01685   0.01723    0.1015        10      1024   0.04836  0.007737   0.04424    0.0114   0.06142   0.01326   0.01523
    35/149     5.77G   0.06597   0.01426   0.01749   0.09772         7      1024    0.5938   0.05984    0.1054   0.01917   0.06282   0.01271   0.01034
    36/149     5.77G   0.06725   0.01503   0.01741   0.09969         8      1024    0.3333   0.01333   0.04941   0.01477   0.06508   0.01356   0.01347
    37/149     5.77G   0.06855    0.0146   0.01876    0.1019         3      1024         0         0  0.004131 0.0009249   0.07691   0.01468   0.05087
    38/149     5.77G   0.07082   0.01879   0.01857    0.1082         8      1024    0.1028   0.06667   0.07169   0.01786   0.06027   0.01312    0.0112
    39/149     5.77G    0.0648   0.01606   0.01622   0.09707         4      1024    0.2098   0.05566   0.07203   0.01764   0.05952   0.01342  0.009417
    40/149     5.77G   0.06436   0.01567   0.01601   0.09604         6      1024    0.1917   0.05421   0.06728    0.0173   0.05879   0.01359   0.01002
    41/149     5.77G   0.06717   0.01455   0.01314   0.09486         6      1024    0.3055   0.07616   0.09217   0.03112   0.05957    0.0131  0.008343
    42/149     5.77G   0.06249   0.01621   0.01263   0.09132         4      1024    0.2151   0.09149    0.1102   0.02938   0.05863   0.01306  0.008132
    43/149     5.77G   0.06614   0.01812   0.01663    0.1009         5      1024   0.06452   0.05333   0.08723   0.03401   0.05903   0.01251   0.01393
    44/149     5.77G   0.06602   0.01685    0.0159   0.09876         6      1024    0.2812   0.07811    0.1147   0.05186   0.05564   0.01341  0.009159
    45/149     5.77G    0.0626    0.0147   0.01364   0.09094         4      1024    0.1411   0.08183    0.0819   0.02923   0.05644   0.01433  0.009309
    46/149     5.77G   0.06238   0.01487   0.01315    0.0904         5      1024       0.1   0.09149   0.08617   0.02952   0.05656   0.01374   0.01008
    47/149     5.77G   0.06512   0.01614   0.01272   0.09398        13      1024    0.1259     0.126   0.06778   0.01273   0.05933   0.01353   0.01023
    48/149     5.77G   0.06459   0.01454   0.01237   0.09149         1      1024    0.1495    0.1258   0.09989   0.03013   0.05424   0.01383  0.007806
    49/149     5.77G   0.06245   0.01503   0.01376   0.09124        10      1024    0.1575   0.09931    0.1081   0.03352   0.05471   0.01341  0.007768
    50/149     5.77G   0.06176   0.01485   0.01228   0.08889        12      1024    0.1799    0.1126   0.09931   0.02788   0.05946   0.01268  0.008535
    51/149     5.77G   0.06543   0.01438   0.01227   0.09207         3      1024    0.2308    0.1159    0.1094   0.02776   0.05474   0.01395  0.007647
    52/149     5.77G   0.06164   0.01543   0.01282    0.0899        12      1024    0.1446    0.1738    0.1334   0.04895   0.05176   0.01365  0.007427
    53/149     5.77G   0.06059    0.0147    0.0129   0.08819         2      1024    0.1207    0.1291     0.138   0.05568   0.05429   0.01341  0.008929
    54/149     5.77G   0.06003   0.01393    0.0105   0.08446         4      1024    0.1046    0.1756    0.1348   0.05458   0.05731   0.01338   0.01059
    55/149     5.77G   0.05993   0.01541   0.01094   0.08627        16      1024   0.08961    0.1752    0.1205    0.0372   0.05552   0.01391  0.008177
    56/149     5.77G      0.06   0.01591   0.01209   0.08799         7      1024    0.2075   0.08782   0.09528    0.0313   0.06446   0.01125   0.01537
    57/149     5.77G   0.06241   0.01491   0.01044   0.08777        11      1024    0.1746    0.1484    0.1335   0.04164   0.05673   0.01256  0.006466
    58/149     5.77G   0.06044   0.01685    0.0111    0.0884        14      1024    0.1915    0.2873    0.1798   0.07005   0.05592   0.01273  0.007223
    59/149     5.77G   0.05975    0.0146  0.009697   0.08405        10      1024    0.1714     0.166    0.1568   0.04376    0.0608   0.01197   0.01207
    60/149     5.77G   0.06148   0.01436   0.01002   0.08587         3      1024   0.07604   0.09563   0.04784   0.01846   0.05903   0.01461   0.01723
    61/149     5.77G    0.0578   0.01561   0.00982   0.08323        13      1024     0.168     0.189    0.1839   0.06892   0.05301    0.0125  0.007946
    62/149     5.77G   0.05754   0.01407  0.009228   0.08084         3      1024     0.199    0.1386     0.149   0.06173   0.05393   0.01313  0.006386
    63/149     5.77G   0.05724   0.01449  0.008373    0.0801        10      1024    0.1369    0.2326    0.1667   0.05924   0.05447   0.01302  0.006311
    64/149     5.77G   0.05896   0.01386  0.009369   0.08219         2      1024    0.1095    0.2713     0.159   0.06105   0.05327   0.01388  0.005004
    65/149     5.77G   0.05674   0.01501  0.008975   0.08072        15      1024    0.1265    0.2198    0.1067   0.03233   0.05383   0.01685   0.01133
    66/149     5.77G   0.05673   0.01475  0.008781   0.08027        10      1024    0.1499    0.2405    0.1516   0.04085   0.05399   0.01226  0.007563
    67/149     5.77G   0.05687   0.01403  0.008679   0.07957         8      1024    0.1657    0.1706    0.1398   0.05511    0.0552   0.01295  0.005767
    68/149     5.77G   0.05519   0.01345  0.007088   0.07573         8      1024    0.2139    0.2023    0.1973   0.08274   0.05445   0.01229  0.004432
    69/149     5.77G   0.05891   0.01476  0.008428    0.0821         8      1024    0.1588    0.2624    0.1908   0.07586   0.05033   0.01304  0.004157
    70/149     5.77G    0.0592   0.01536  0.008275   0.08283         5      1024    0.1471    0.2643    0.1748   0.08552   0.04841   0.01312  0.006799
    71/149     5.77G   0.05638   0.01445  0.007244   0.07808         6      1024    0.1937    0.2913    0.2212   0.09871   0.04966   0.01547  0.004989
    72/149     5.77G   0.05654   0.01489  0.007389   0.07882        13      1024    0.1828    0.2768    0.2229    0.1052   0.04795   0.01267   0.00652
    73/149     5.77G   0.05641   0.01494  0.007012   0.07835        15      1024    0.1785    0.2786    0.2255   0.08775   0.04999   0.01225  0.006105
    74/149     5.77G   0.05441    0.0141    0.0065   0.07501        13      1024   0.08749    0.3149    0.2073   0.08566   0.04873    0.0138  0.009728
    75/149     5.77G   0.05564   0.01506  0.007583   0.07828         8      1024    0.1228    0.3191    0.2002   0.09025    0.0503   0.01315  0.007874
    76/149     5.77G   0.05452   0.01595  0.006878   0.07734         0      1024    0.1148    0.3802    0.2151   0.09596   0.04746   0.01394  0.004158
    77/149     5.77G   0.05451   0.01398  0.006558   0.07505         3      1024    0.1344    0.3361     0.251    0.1225   0.04583   0.01267  0.003331
    78/149     5.77G   0.05412   0.01629  0.005681   0.07609         5      1024    0.1229    0.3847    0.2394    0.1204    0.0469   0.01465  0.004019
    79/149     5.77G   0.05357   0.01351  0.005252   0.07233        12      1024     0.107    0.3324    0.2189   0.08832   0.05041   0.01536  0.006024
    80/149     5.77G   0.05566   0.01439  0.006147    0.0762        17      1024    0.1184    0.2676    0.2024   0.07902   0.04739   0.01499  0.004222
    81/149     5.77G   0.05226   0.01396  0.007207   0.07342        10      1024    0.1732    0.2733     0.254     0.124   0.04637   0.01276  0.005274
    82/149     5.77G   0.05326    0.0132  0.005868   0.07233        12      1024    0.1371    0.3149    0.2424   0.08722   0.05406   0.01216   0.00479
    83/149     5.77G   0.05504   0.01442  0.005946   0.07541        16      1024    0.1481    0.3228    0.2362    0.0983   0.04691    0.0124  0.002409
    84/149     5.77G   0.05008   0.01396  0.006956     0.071        16      1024     0.149    0.3536    0.2719    0.1086   0.04811   0.01255  0.002837
    85/149     5.77G   0.05173   0.01446  0.005471   0.07166        13      1024    0.1872    0.4108    0.2599    0.1178   0.04709    0.0125  0.004159
    86/149     5.77G    0.0534   0.01465   0.00588   0.07393         7      1024    0.1332    0.4305    0.2492   0.09142   0.04715   0.01311  0.006507
    87/149     5.77G   0.05224   0.01574  0.005762   0.07375         5      1024    0.1507    0.3217    0.1911   0.07822   0.04838   0.01197   0.00432
    88/149     5.77G   0.05094   0.01373  0.004865   0.06954         4      1024     0.127    0.2842    0.2706    0.1048   0.04958   0.01185  0.007871
    89/149     5.77G   0.05267   0.01439  0.006226   0.07329         2      1024    0.1888    0.3752    0.2157   0.08196   0.04814   0.01355  0.004358
    90/149     5.77G   0.05099   0.01332  0.004862   0.06918        11      1024     0.186    0.3591    0.3088    0.1269   0.04661   0.01176  0.003354
    91/149     5.77G   0.05147   0.01337  0.006128   0.07096        12      1024    0.3651    0.2338    0.2392   0.09678   0.04895   0.01335   0.01273
    92/149     5.77G   0.05091   0.01528  0.005623   0.07181         6      1024    0.1637    0.4357    0.2267   0.07129   0.04929   0.01513  0.003526
    93/149     5.77G   0.04915   0.01388  0.005838   0.06887         5      1024    0.1406     0.465    0.3154    0.1468   0.04491   0.01225  0.002452
    94/149     5.77G   0.05215   0.01398  0.005671    0.0718         3      1024    0.1455    0.3874    0.2996    0.1347   0.04568   0.01214  0.003236
    95/149     5.77G    0.0512   0.01563  0.005298   0.07213         9      1024    0.1928     0.397    0.3271    0.1346   0.04607   0.01218  0.003447
    96/149     5.77G   0.05078   0.01475   0.00437    0.0699         8      1024    0.1382    0.4543    0.2976    0.1299   0.04567   0.01228  0.001839
    97/149     5.77G   0.05095   0.01448  0.006099   0.07152        14      1024     0.152    0.4038    0.2752    0.1254   0.04552   0.01217   0.00224
    98/149     5.77G    0.0511   0.01424  0.004712   0.07004        10      1024    0.1736    0.4668    0.3339    0.1432   0.04321   0.01229  0.001448
    99/149     5.77G   0.05153   0.01445  0.005495   0.07148         9      1024    0.1527    0.4958    0.3166    0.1408   0.04329   0.01429  0.002627
   100/149     5.77G    0.0513   0.01463  0.005936   0.07187        12      1024     0.153     0.449    0.2865    0.1291   0.04417    0.0134  0.002424
   101/149     5.77G   0.04907   0.01447  0.004606   0.06814        24      1024    0.1479    0.4793    0.3418    0.1251   0.04398   0.01204  0.003881
   102/149     5.77G   0.04946   0.01336  0.004445   0.06726         4      1024    0.2056    0.4085    0.3313    0.1294   0.04419   0.01184  0.004667
   103/149     5.77G   0.04751   0.01428  0.004257   0.06605         8      1024    0.2331    0.4085    0.3622    0.1772    0.0414   0.01172  0.003156
   104/149     5.77G   0.04685   0.01338  0.003469    0.0637        10      1024    0.1796    0.4215    0.3275     0.144   0.04338   0.01241  0.003132
   105/149     5.77G   0.04903   0.01413  0.003286   0.06645         3      1024     0.156     0.387    0.3005    0.1361   0.04365   0.01287  0.002707
   106/149     5.77G   0.04646   0.01253  0.003475   0.06247         5      1024    0.1193     0.467    0.3663    0.1569   0.04126   0.01231  0.002085
   107/149     5.77G   0.04857   0.01305  0.003508   0.06513         6      1024    0.1804    0.4211    0.3527    0.1657   0.04118   0.01179  0.004302
   108/149     5.77G   0.04545   0.01338  0.003685   0.06251        10      1024    0.1293    0.4785    0.3416    0.1581   0.04197   0.01278  0.001323
   109/149     5.77G   0.04826   0.01392  0.003417    0.0656         4      1024    0.1824     0.466    0.3007    0.1431    0.0405   0.01275  0.001271
   110/149     5.77G   0.04587   0.01335  0.003472   0.06269         1      1024    0.2064    0.4802    0.3454    0.1557   0.04061   0.01159  0.001039
   111/149     5.77G   0.04684   0.01218  0.003608   0.06262        11      1024    0.2066    0.4307    0.3626    0.1749    0.0396   0.01133  0.001175
   112/149     5.77G   0.04694   0.01223  0.003185   0.06235        10      1024    0.1795    0.5261    0.3338    0.1544   0.04207   0.01219   0.00115
   113/149     5.77G   0.04799   0.01329  0.004196   0.06547        14      1024    0.1551    0.4917    0.3735    0.1759   0.04154   0.01182  0.001412
   114/149     5.77G   0.04838    0.0133  0.003885   0.06557        11      1024     0.194    0.5146    0.3873     0.177   0.04126   0.01158  0.001167
   115/149     5.77G   0.04514   0.01334  0.003422    0.0619        16      1024    0.1724     0.511    0.3546    0.1756   0.04147   0.01207  0.001248
   116/149     5.77G   0.04792   0.01381  0.004084   0.06581         4      1024    0.1674    0.5023     0.399    0.1947   0.03993   0.01166  0.001104
   117/149     5.77G   0.04513   0.01265  0.002584   0.06037         7      1024    0.1794     0.529     0.383    0.1835   0.04034   0.01154  0.001052
   118/149     5.77G   0.04609   0.01299  0.004083   0.06316         6      1024    0.1642    0.5274    0.3612    0.1817   0.04181   0.01165  0.001115
   119/149     5.77G   0.04382   0.01362    0.0026   0.06004        18      1024    0.1437    0.4804    0.3722    0.1836    0.0425   0.01165  0.001833
   120/149     5.77G   0.04491   0.01207  0.003576   0.06056         5      1024     0.161    0.4785    0.3767    0.2012   0.03864   0.01178  0.003547
   121/149     5.77G   0.04698   0.01249  0.003134   0.06261        25      1024    0.1501    0.5155     0.411    0.1996   0.03912   0.01168  0.002481
   122/149     5.77G   0.04439   0.01249  0.003692   0.06057         6      1024    0.1742     0.551    0.3933    0.2023   0.03846   0.01176  0.001191
   123/149     5.77G    0.0442   0.01233  0.002857   0.05939        12      1024    0.1819    0.5738    0.3944    0.1948    0.0387   0.01184 0.0008387
   124/149     5.77G    0.0459   0.01314  0.004115   0.06315        12      1024    0.1763    0.5165    0.3974     0.169   0.03919   0.01139 0.0009111
   125/149     5.77G   0.04475   0.01344  0.002848   0.06103         2      1024    0.1958     0.505    0.3775     0.169   0.04026   0.01116  0.001019
   126/149     5.77G   0.04316   0.01228  0.003248   0.05869        11      1024    0.2081     0.551    0.4073    0.1716    0.0407   0.01139 0.0009214
   127/149     5.77G   0.04343   0.01095  0.003483   0.05786         8      1024    0.2197    0.5146     0.412    0.1627   0.03968   0.01162  0.001004
   128/149     5.77G   0.04325   0.01223  0.002683   0.05816         4      1024    0.1944    0.5138    0.3865    0.1711    0.0377   0.01253  0.001039
   129/149     5.77G   0.04468   0.01231  0.002928   0.05992        23      1024    0.1644    0.5033    0.4099    0.1854   0.03801   0.01174  0.001057
   130/149     5.77G   0.04224   0.01133  0.002848   0.05641         5      1024    0.1545    0.4919    0.3962    0.1772   0.03805   0.01179  0.001013
   131/149     5.77G   0.04538   0.01276  0.003158    0.0613        10      1024    0.1802    0.5042    0.4016    0.2056   0.03733   0.01096 0.0009112
   132/149     5.77G   0.04212   0.01321  0.003541   0.05887        40      1024    0.1827    0.5165       0.4    0.2053   0.03664    0.0111 0.0009085
   133/149     5.77G    0.0415    0.0129  0.003381   0.05778        23      1024    0.2101    0.5042     0.413    0.1888   0.03772   0.01089  0.001082
   134/149     5.77G   0.04417   0.01295  0.002895   0.06001        12      1024    0.1694    0.5251    0.4111    0.1915   0.03744    0.0112 0.0007594
   135/149     5.77G   0.04377   0.01288  0.002957   0.05961         3      1024    0.1916    0.5272    0.4439    0.2112   0.03648   0.01093 0.0008806
   136/149     5.77G    0.0423   0.01241  0.002458   0.05717        19      1024    0.1817    0.5276    0.4571    0.2207   0.03818   0.01087 0.0007839
   137/149     5.77G   0.04541   0.01378  0.003192   0.06238         6      1024    0.2058    0.5423    0.4704    0.2243   0.03723   0.01078 0.0008248
   138/149     5.77G   0.04158   0.01202  0.002458   0.05606         8      1024     0.188    0.5776    0.4842    0.2312   0.03724   0.01104 0.0007822
   139/149     5.77G   0.04298   0.01228   0.00209   0.05735         9      1024    0.1566    0.5438    0.4627    0.2258   0.03896   0.01104 0.0009356
   140/149     5.77G   0.04243   0.01155  0.003391   0.05737         6      1024    0.1916     0.545    0.4663    0.2158   0.03775   0.01124  0.001981
   141/299     6.05G    0.0557   0.01462  0.009721   0.08004         8      1024     0.135     0.551    0.4293    0.2022   0.03992   0.01207  0.001608
   142/299     5.94G   0.05861    0.0159   0.01078    0.0853         6      1024    0.1083    0.3732    0.2157   0.06951   0.04789   0.01242  0.006031
   143/299     5.94G   0.05834   0.01622   0.01153    0.0861         3      1024    0.1132    0.4459    0.1715   0.06664   0.04478   0.01267  0.001788
   144/299     5.94G   0.06218   0.01726   0.01287   0.09232        10      1024   0.04686     0.212   0.03988   0.01409   0.04993   0.01387  0.009102
   145/299     5.94G   0.06018   0.01737   0.01291   0.09046        27      1024    0.1307    0.3677    0.2793    0.1165   0.04792   0.01257  0.003992
   146/299     5.94G   0.05977   0.01736   0.01314   0.09026         2      1024    0.1232    0.3962    0.2754    0.1051   0.04659   0.01266  0.004992
   147/299     5.94G   0.05791   0.01616   0.01231   0.08639         5      1024    0.1259    0.4595    0.2394   0.08461   0.04649   0.01408  0.005636
   148/299     5.94G   0.05759   0.01548  0.009447   0.08252        14      1024    0.1404    0.4032    0.2564   0.09976   0.04473   0.01273  0.003363
   149/299     5.94G   0.05741   0.01626   0.01076   0.08442        17      1024    0.1874    0.3743    0.2715    0.1201   0.04457   0.01214  0.004462
   150/299     5.94G   0.05952   0.01466   0.01002   0.08421         8      1024    0.1244    0.2469    0.1672   0.05259   0.05047   0.01592   0.02448
   151/299     5.94G   0.05762   0.01621   0.01027   0.08409         7      1024    0.1619    0.4059    0.2155   0.09379   0.04442   0.01307  0.003903
   152/299     5.94G    0.0571   0.01507   0.01052    0.0827         5      1024    0.1333    0.5021     0.302    0.1123   0.04352   0.01268  0.001942
   153/299     5.94G   0.05932   0.01807   0.01035   0.08774         7      1024    0.1354    0.4287    0.3175    0.1259   0.04451   0.01238   0.00198
   154/299     5.94G   0.05817   0.01642  0.009925   0.08451         8      1024     0.136     0.404    0.2662    0.1097   0.04263   0.01336  0.002121
   155/299     5.94G   0.05736   0.01739   0.01171   0.08647        28      1024    0.1583    0.3724    0.2816     0.146   0.04181   0.01241  0.001752
   156/299     5.94G   0.05764    0.0164  0.009078   0.08313        15      1024    0.1251    0.3962     0.285    0.1156   0.04629    0.0119  0.002161
   157/299     5.94G    0.0575   0.01576  0.009653   0.08292         1      1024    0.1286    0.5606    0.3178    0.1384   0.04375   0.01394  0.001879
   158/299     5.94G   0.05235   0.01446  0.008446   0.07526        13      1024    0.1931    0.5614    0.3562    0.1697   0.04059   0.01259   0.00142
   159/299     5.94G   0.05687   0.01638  0.008927   0.08217         7      1024    0.1687    0.3991    0.3204    0.1456   0.04339   0.01187  0.003424
   160/299     5.94G    0.0577   0.01495  0.009422   0.08207        19      1024    0.1908     0.489    0.3419    0.1444   0.04311   0.01433  0.002547
   161/299     5.94G   0.05589   0.01569  0.009572   0.08115        12      1024    0.1838    0.4545    0.3432    0.1644   0.04221   0.01297  0.001562
   162/299     5.94G   0.05541   0.01545  0.008336    0.0792        12      1024    0.1637    0.4935    0.3477    0.1463   0.04269   0.01224  0.002802
   163/299     5.94G   0.05739   0.01533  0.009314   0.08203         6      1024    0.1924    0.4898    0.3576    0.1344   0.04346   0.01171  0.003021
   164/299     5.94G   0.05262   0.01373  0.007008   0.07336         2      1024    0.1604     0.442     0.313    0.1202    0.0468   0.01216  0.002519
   165/299     5.94G   0.05738   0.01665  0.009742   0.08377        12      1024    0.1715    0.5325    0.3186    0.1189   0.04603   0.01247  0.002026
   166/299     5.94G    0.0562   0.01495  0.009352    0.0805         2      1024    0.1718    0.4939    0.3225    0.1437   0.04538   0.01174  0.002235
   167/299     5.94G   0.05251     0.016  0.008528   0.07703         7      1024    0.1429    0.5614    0.3149    0.1572   0.04465   0.01289  0.002108
   168/299     5.94G    0.0548   0.01481  0.008421   0.07803         5      1024    0.1432      0.46    0.2994    0.1489   0.04521   0.01244  0.002802
   169/299     5.94G   0.05527   0.01559  0.008186   0.07904         4      1024    0.1388    0.5623    0.3297    0.1719   0.04241   0.01324  0.002295
   170/299     5.94G   0.05318    0.0164   0.01028   0.07986         9      1024    0.1483    0.4925    0.2872     0.135   0.04395   0.01222  0.002516
   171/299     5.94G   0.05339   0.01553  0.007386    0.0763        25      1024    0.1344    0.4545    0.2955    0.1524   0.04112   0.01306  0.001338
   172/299     5.94G   0.05399   0.01535  0.007999   0.07733        14      1024    0.1367    0.4757    0.3108    0.1375   0.04391   0.01324  0.001356
   173/299     5.94G    0.0538   0.01707  0.007664   0.07853         3      1024    0.1639    0.5395    0.3287    0.1472   0.04134   0.01205  0.001496
   174/299     5.94G    0.0516   0.01678  0.007471   0.07584         2      1024    0.1263    0.5288    0.3347    0.1421   0.04147   0.01231  0.001436
   175/299     5.94G     0.054   0.01576  0.008583   0.07834        15      1024    0.1657    0.5518    0.3925    0.1958   0.03972   0.01187  0.001295
   176/299     5.94G   0.05304   0.01554   0.00717   0.07575         8      1024     0.159    0.4943    0.3538    0.1432    0.0445    0.0118  0.001514
   177/299     5.94G   0.05189   0.01506  0.008767   0.07572         3      1024    0.2311    0.4705    0.4176    0.1777   0.04309   0.01153  0.001988
   178/299     5.94G   0.05246   0.01414  0.006497    0.0731         7      1024    0.1758    0.4869    0.3675    0.1666   0.04364   0.01185  0.002599
   179/299     5.94G   0.05397   0.01605  0.007859   0.07788        29      1024    0.1595    0.5546    0.3619    0.1597   0.04399    0.0117  0.001879
   180/299     5.94G   0.05203   0.01581  0.007853    0.0757         4      1024    0.1502     0.528    0.3426    0.1555   0.04276   0.01242  0.001907
   181/299     5.94G   0.05086   0.01489   0.00777   0.07352         2      1024    0.1632    0.4687    0.3341    0.1356   0.04299   0.01198  0.003166
   182/299     5.94G   0.05264   0.01413  0.007577   0.07434         3      1024    0.2027    0.5573    0.4617    0.2134   0.04078   0.01113  0.002235
   183/299     5.94G    0.0513   0.01485   0.00564   0.07179        23      1024    0.1453    0.5795    0.4204    0.2008   0.04045   0.01252  0.001543
   184/299     5.94G   0.05064   0.01672  0.007741    0.0751         1      1024    0.1517    0.5661    0.4299    0.1842   0.04151   0.01179  0.001283
   185/299     5.94G   0.05113   0.01537  0.006089    0.0726         4      1024    0.1565    0.5651    0.4037    0.1808   0.04326   0.01154  0.001508
   186/299     5.94G   0.05094   0.01342  0.007072   0.07143         6      1024    0.1537    0.5058     0.428    0.1871   0.04344   0.01112  0.002885
   187/299     5.94G   0.04904   0.01455  0.005933   0.06952         4      1024    0.1709     0.459    0.3775    0.1742   0.04296    0.0113  0.003946
   188/299     5.94G   0.05294   0.01579  0.007216   0.07595         4      1024    0.1591    0.5183    0.3954    0.2009   0.04147   0.01205  0.002168
   189/299     5.94G   0.05321   0.01502  0.008971   0.07721        22      1024    0.1437    0.5113    0.4148    0.2071   0.03851   0.01218   0.00192
   190/299     5.94G   0.05192   0.01352  0.007502   0.07295        11      1024    0.1572    0.5678    0.4031    0.1899   0.04023   0.01153  0.001599
   191/299     5.94G   0.05073   0.01452  0.006038   0.07129         9      1024    0.1852    0.5871    0.3804    0.1875   0.04004   0.01129  0.001488
   192/299     5.94G   0.05205   0.01367   0.00729   0.07301        14      1024    0.1909    0.5364    0.3966    0.1955   0.03894   0.01138  0.001315
   193/299     5.94G   0.05295   0.01638  0.008136   0.07746         9      1024    0.1767    0.5776    0.4066    0.2146   0.04058   0.01121  0.001464
   194/299     5.94G   0.05113   0.01472  0.006716   0.07257         8      1024    0.1714    0.5803    0.4316    0.2038    0.0394   0.01148  0.002048
   195/299     5.94G   0.05188   0.01489  0.006869   0.07364        10      1024    0.1266    0.5298    0.3381     0.151   0.04256   0.01259  0.002729
   196/299     5.94G   0.04992   0.01543  0.005842   0.07119        22      1024    0.1859    0.5317    0.3713     0.175   0.04188   0.01138  0.001664
   197/299     5.94G   0.05289   0.01583  0.008555   0.07728        10      1024    0.1917    0.5306    0.3987     0.196   0.03884   0.01196  0.001494
   198/299     5.94G   0.05037   0.01706  0.006885   0.07432        12      1024    0.1489    0.5573    0.3972    0.1841   0.04012   0.01199  0.001578
   199/299     5.94G   0.04953   0.01393  0.006719   0.07017        18      1024    0.1768    0.5097     0.387    0.1703   0.03916   0.01142  0.003211
   200/299     5.94G   0.04943   0.01401  0.006062    0.0695         7      1024    0.1669    0.5546    0.3837    0.1779    0.0398   0.01149  0.001461
   201/299     5.94G   0.05177   0.01555  0.008772    0.0761        10      1024    0.2082    0.5678    0.4721    0.2297   0.03741   0.01118   0.00176
   202/299     5.94G   0.04916   0.01591  0.005751   0.07083         6      1024    0.2125    0.5421    0.4173    0.2108   0.03841   0.01117  0.001931
   203/299     5.94G   0.05094   0.01487  0.006911   0.07272         1      1024    0.1886    0.5803    0.4187    0.1902   0.03855    0.0113  0.001622
   204/299     5.94G   0.04921   0.01378  0.007128   0.07012         4      1024    0.1727    0.5563    0.3875    0.1981   0.03861    0.0112   0.00159
   205/299     5.94G    0.0485   0.01318  0.006218    0.0679         5      1024     0.192    0.5559     0.393    0.2255   0.03875   0.01068  0.002131
   206/299     5.94G   0.04888   0.01422  0.005792    0.0689        15      1024     0.171    0.5883    0.3997    0.1991   0.03995   0.01136  0.001783
   207/299     5.94G   0.04893   0.01439  0.007322   0.07064        15      1024    0.1562    0.4982    0.3492    0.1665   0.04048   0.01117  0.001993
   208/299     5.94G   0.04945   0.01561  0.005739   0.07079        15      1024    0.1306    0.5918    0.2431    0.1189   0.04115   0.01206  0.002095
   209/299     5.94G   0.05042   0.01477  0.007002   0.07219        18      1024    0.1307    0.5565    0.2791    0.1401    0.0394   0.01233  0.002069
   210/299     5.94G   0.04945     0.016  0.005562   0.07101         9      1024    0.1313    0.5688    0.4092    0.2063   0.03787   0.01173  0.001713
   211/299     5.94G   0.04804   0.01349  0.004382    0.0659        16      1024    0.1643    0.5785    0.4408    0.2057   0.03892   0.01124  0.001623
   212/299     5.94G   0.04666    0.0141  0.005561   0.06632        18      1024    0.2093    0.5288    0.3961    0.2031   0.03837   0.01176   0.00179
   213/299     5.94G   0.04844   0.01494  0.006515   0.06989        27      1024    0.1862    0.5776    0.4316    0.2317    0.0363   0.01175  0.001831
   214/299     5.94G   0.04853   0.01481  0.005721   0.06905         4      1024    0.1854    0.5546    0.4683    0.2317   0.03608   0.01148  0.001945
   215/299     5.94G   0.04831   0.01392  0.006502   0.06873         3      1024    0.1889    0.6378    0.5185    0.2513   0.03627   0.01091  0.002122
   216/299     5.94G   0.04643   0.01398   0.00446   0.06487         5      1024    0.1799    0.6025    0.4932    0.2546   0.03672   0.01072  0.002051
   217/299     5.94G   0.04884   0.01523  0.005865   0.06994         7      1024    0.1991    0.6493    0.4856    0.2449   0.03631   0.01078  0.001743
   218/299     5.94G    0.0475    0.0132  0.005542   0.06625         4      1024    0.1689    0.6854    0.4457    0.2247   0.03659    0.0119  0.001818
   219/299     5.94G   0.04637   0.01398  0.005584   0.06593        33      1024    0.1777    0.6501    0.4656    0.2305   0.03595    0.0112  0.001876
   220/299     5.94G   0.04766   0.01391  0.006605   0.06818         3      1024     0.139    0.6731    0.4575     0.191   0.03709   0.01151  0.001425
   221/299     5.94G   0.04545   0.01327  0.004479    0.0632         9      1024    0.1707    0.6255    0.4419    0.2288   0.03412   0.01108  0.001412
   222/299     5.94G   0.05028   0.01454  0.006752   0.07157         9      1024    0.1813    0.6626     0.501    0.2527   0.03341   0.01107  0.001465
   223/299     5.94G   0.04701   0.01393  0.005951   0.06689         5      1024    0.1724    0.6033    0.4004    0.2122   0.03696   0.01072  0.001528
   224/299     5.94G   0.04844   0.01312  0.005654   0.06721         8      1024    0.2195    0.6864    0.5388     0.259   0.03467   0.01067  0.001201
   225/299     5.94G   0.04667   0.01346  0.004285   0.06441        10      1024    0.2106    0.6667    0.5105    0.2436   0.03436   0.01074  0.001117
   226/299     5.94G    0.0454   0.01299  0.004373   0.06276        18      1024     0.183    0.6511     0.469    0.2513   0.03526   0.01145  0.001227
   227/299     5.94G   0.04721   0.01529  0.005422   0.06792        14      1024    0.2207     0.545    0.4793    0.2371   0.03589    0.0108  0.001502
   228/299     5.94G   0.04469   0.01398  0.004982   0.06366         7      1024    0.1805    0.6501    0.4576    0.2426   0.03599   0.01135  0.001015
   229/299     5.94G   0.04599   0.01353  0.004351   0.06388         3      1024    0.1518     0.614    0.3697    0.1995   0.03585    0.0114  0.001223
   230/299     5.94G   0.04413   0.01218  0.004203   0.06052         4      1024    0.2232    0.6501    0.4607    0.2256   0.03485   0.01077  0.001158
   231/299     5.94G    0.0461   0.01384  0.006075   0.06602        18      1024    0.1916    0.6253    0.4614    0.2205   0.03487   0.01086  0.001136
   232/299     5.94G   0.04678   0.01431  0.005426   0.06652        19      1024    0.1826    0.6033    0.5032     0.257   0.03525   0.01076  0.001195
   233/299     5.94G   0.04835    0.0131  0.005844   0.06729         3      1024     0.192    0.6447    0.4633    0.2391   0.03616   0.01091  0.001137
   234/299     5.94G   0.04439   0.01397  0.005662   0.06402         1      1024    0.1767    0.6781    0.4289    0.1946   0.03655   0.01123   0.00112
   235/299     5.94G   0.04701   0.01371   0.00518   0.06591        25      1024     0.155    0.6501    0.4977    0.2628   0.03576   0.01091  0.001299
   236/299     5.94G   0.04638   0.01478  0.005294   0.06646         8      1024     0.188    0.6344    0.4908    0.2532   0.03463   0.01071  0.001195
   237/299     5.94G   0.04691   0.01435  0.005462   0.06672        15      1024    0.1936    0.5869    0.4798    0.2622   0.03507   0.01039  0.001031
   238/299     5.94G   0.04543   0.01358  0.005506   0.06452         6      1024     0.181    0.6412    0.3618    0.1822   0.03509   0.01042 0.0009795
   239/299     5.94G   0.04665   0.01458  0.005527   0.06676        26      1024    0.1653    0.6467     0.363    0.1885   0.03544   0.01052 0.0009497
   240/299     5.94G   0.04474   0.01423  0.004339   0.06331        19      1024    0.1766     0.634    0.4559    0.2569   0.03534   0.01061 0.0007502
   241/299     5.94G   0.04567   0.01391  0.005976   0.06556        29      1024    0.1511    0.6394    0.3712    0.1928   0.03581   0.01131 0.0007623
   242/299     5.94G   0.04484   0.01289  0.005254   0.06298         5      1024    0.1447    0.6156    0.3645    0.1708   0.03589   0.01154 0.0008034
   243/299     5.94G   0.04374   0.01238   0.00465   0.06076        15      1024    0.1682    0.6281    0.3706    0.1716   0.03522   0.01072 0.0009145
   244/299     5.94G   0.04723   0.01401  0.004689   0.06593         3      1024    0.1816    0.6166    0.4674    0.2422   0.03559    0.0103 0.0008458
   245/299     5.94G   0.04636   0.01368  0.006486   0.06652         7      1024     0.233    0.6386    0.4884    0.2333   0.03553   0.01029   0.00215
   246/299     5.94G   0.04399   0.01252  0.004776   0.06129         8      1024    0.1341    0.6501    0.2806    0.1386   0.03593   0.01068 0.0009527
   247/299     5.94G   0.04472   0.01357  0.004353   0.06264        25      1024    0.1739    0.6987     0.509    0.2616   0.03673   0.01191  0.001072
   248/299     5.94G   0.04579   0.01472  0.005815   0.06633        16      1024    0.1699    0.6872    0.4831    0.2668   0.03664     0.011 0.0007929
   249/299     5.94G   0.04553   0.01574  0.004526   0.06579         1      1024     0.182    0.6546    0.4743    0.2735   0.03573   0.01031  0.001022
   250/299     5.94G    0.0432   0.01381  0.004807   0.06182         9      1024    0.1841    0.6423    0.4956    0.2947   0.03504   0.01026 0.0008674
   251/299     5.94G   0.04483   0.01351  0.004291   0.06263         6      1024    0.1974    0.6794    0.4774    0.2788   0.03583   0.01063 0.0007792
   252/299     5.94G   0.04449   0.01128  0.006012   0.06179         9      1024    0.1822    0.5832    0.4611    0.2455   0.03757   0.01041   0.00098
   253/299     5.94G   0.04427   0.01403  0.004773   0.06307         6      1024    0.1647    0.5583    0.4574    0.2627   0.03637   0.01039 0.0009115
   254/299     5.94G    0.0438    0.0138  0.004673   0.06227         8      1024    0.1771    0.6414    0.4693    0.2641   0.03551   0.01071  0.000845
   255/299     5.94G   0.04472   0.01486  0.005223    0.0648        13      1024    0.1875    0.6327    0.4924    0.2638   0.03509   0.01071 0.0008599
   256/299     5.94G   0.04544   0.01295  0.004884   0.06328        15      1024    0.1985    0.6033    0.4575     0.246   0.03532   0.01021 0.0008655
   257/299     5.94G   0.04506   0.01265  0.005963   0.06367         3      1024    0.2093    0.6156    0.5022    0.2487   0.03448   0.01025 0.0008949
   258/299     5.94G   0.04351   0.01387  0.004758   0.06214         9      1024    0.1995    0.6404    0.4957    0.2722    0.0351    0.0104 0.0009377
   259/299     5.94G   0.04556   0.01278  0.006051   0.06439         7      1024    0.1914    0.6634    0.5484    0.2792   0.03617   0.01102  0.001073
   260/299     5.94G   0.04386   0.01305  0.004138   0.06105         0      1024    0.1936    0.6891    0.5712    0.3044   0.03454   0.01081 0.0008437
   261/299     5.94G   0.04424   0.01303  0.004101   0.06138        10      1024    0.1884    0.6642    0.5151    0.2896   0.03447   0.01062 0.0008769
   262/299     5.94G   0.04497   0.01332  0.004257   0.06255        16      1024    0.1717      0.63    0.4876    0.2621   0.03449    0.0109 0.0008746
   263/299     5.94G   0.04395   0.01332  0.004613   0.06189        30      1024    0.1856    0.6767    0.5277    0.2881   0.03418   0.01046  0.000824
   264/299     5.94G   0.04223    0.0119    0.0027   0.05683        13      1024    0.1984    0.6882    0.5302    0.2888   0.03352   0.01034 0.0007957
   265/299     5.94G   0.04513   0.01387  0.004871   0.06386        15      1024    0.1869    0.6987    0.4957     0.239    0.0342   0.01052  0.000867
   266/299     5.94G   0.04329   0.01417  0.004199   0.06166        26      1024    0.2017    0.6739    0.5173    0.2552    0.0348   0.01072  0.000924
   267/299     5.94G   0.04151   0.01249   0.00349    0.0575         9      1024    0.2075    0.6891    0.5391    0.2925   0.03429   0.01062 0.0008763
   268/299     5.94G   0.04206   0.01326  0.004023   0.05934        11      1024    0.2104    0.6757    0.4918    0.2531   0.03413   0.01022 0.0008228
   269/299     5.94G   0.04353   0.01321  0.004034   0.06078         9      1024    0.1918    0.6757    0.5389    0.2835   0.03438      0.01 0.0007863
   270/299     5.94G   0.04083    0.0123  0.003459   0.05659        15      1024    0.2063    0.6757    0.5792    0.2803   0.03486   0.01004 0.0007454
   271/299     5.94G   0.04151   0.01257  0.003634   0.05772         1      1024    0.2062    0.6634    0.4796    0.2462   0.03528   0.01021 0.0007705
   272/299     5.94G   0.04303   0.01297  0.003363   0.05936        22      1024    0.2127    0.6653    0.5513    0.2646   0.03623   0.01019 0.0008008
   273/299     5.94G   0.04323   0.01351  0.005156    0.0619        27      1024     0.186    0.6653    0.5511    0.2721   0.03469   0.01049 0.0008209
   274/299     5.94G   0.04404   0.01327  0.004578   0.06189        15      1024    0.2122    0.6653    0.5647    0.2929   0.03364   0.01029 0.0008034
   275/299     5.94G   0.04258   0.01389  0.004157   0.06063        16      1024    0.2108    0.7139     0.572    0.2907   0.03454   0.01038 0.0009707
   276/299     5.94G   0.04396   0.01374   0.00392   0.06161         9      1024    0.2075    0.6901    0.5835    0.2888    0.0351   0.01007  0.001075
   277/299     5.94G   0.04448   0.01317  0.003953    0.0616        18      1024    0.2051    0.6891    0.5697    0.3163   0.03476   0.01024 0.0009966
   278/299     5.94G   0.04201   0.01272  0.004156   0.05888        10      1024    0.1739    0.7121    0.5496    0.2787   0.03378   0.01055 0.0007431
   279/299     5.94G   0.04189   0.01267  0.004646    0.0592         9      1024    0.1618    0.7484    0.5824    0.2914   0.03193   0.01069 0.0007136
   280/299     5.94G   0.04294   0.01366  0.003693    0.0603         7      1024     0.187    0.7607    0.5852    0.3043   0.03146   0.01058 0.0007719
   281/299     5.94G   0.04148   0.01246  0.004437   0.05837         8      1024    0.1999    0.7359     0.592    0.2972   0.03179   0.01085 0.0007525
   282/299     5.94G   0.04236   0.01278  0.004017   0.05916         6      1024    0.1899    0.7597    0.5957    0.2918   0.03294   0.01073 0.0007218
   283/299     5.94G    0.0407   0.01348  0.004971   0.05915         9      1024     0.191    0.7463    0.6097     0.297   0.03306   0.01045 0.0007166
   284/299     5.94G    0.0416   0.01379  0.004082   0.05947        17      1024    0.2254    0.7266    0.5691    0.2984   0.03364   0.01002 0.0007748
   285/299     5.94G   0.04169   0.01285  0.003267   0.05781        12      1024    0.2095    0.7587    0.5393    0.2832   0.03363    0.0104 0.0008293
   286/299     5.94G   0.04331   0.01286  0.003663   0.05984         4      1024    0.2152    0.6995    0.5316    0.2736   0.03451   0.01029  0.000957
   287/299     5.94G   0.04107   0.01233  0.004155   0.05756         7      1024    0.1715    0.6158    0.5211    0.2698   0.03661   0.01011  0.001035
   288/299     5.94G   0.04222   0.01384  0.004037   0.06009        15      1024    0.1855    0.6749    0.5543    0.2809   0.03596   0.01023  0.000985
   289/299     5.94G   0.04023   0.01187   0.00343   0.05553        10      1024    0.1925    0.6749    0.5901     0.293   0.03516   0.01035 0.0008645
   290/299     5.94G   0.04268     0.013  0.004675   0.06036        24      1024    0.2154    0.6281    0.5425    0.3092   0.03485  0.009816 0.0008127
   291/299     5.94G   0.04175   0.01235  0.002865   0.05696        12      1024    0.2695    0.7139    0.6083    0.3222   0.03353  0.009852 0.0007815
   292/299     5.94G   0.04218   0.01185  0.004667    0.0587        11      1024    0.2638    0.7139    0.5831    0.3027   0.03405  0.009991 0.0008804
   293/299     5.94G   0.04147   0.01469  0.005029   0.06119         5      1024    0.2358    0.6901    0.5712    0.3019   0.03443   0.01008 0.0009667
   294/299     5.94G   0.04492    0.0141  0.005402   0.06442        17      1024    0.1848    0.7359    0.5623    0.2759   0.03576    0.0103 0.0009539
   295/299     5.94G   0.04584   0.01271  0.004544   0.06309         5      1024    0.1862    0.7369    0.5667    0.2683   0.03578   0.01013 0.0008794
   296/299     5.94G   0.04248   0.01088  0.004743    0.0581         1      1024     0.197    0.7359    0.5612    0.2719   0.03542  0.009937 0.0008161
   297/299     5.94G   0.04179   0.01125  0.002889   0.05593         2      1024    0.1902    0.6414    0.5195    0.2701   0.03482  0.009751 0.0008653
   298/299     5.94G   0.04351   0.01398  0.004302   0.06179         7      1024    0.2125    0.6759    0.5283    0.2866   0.03468  0.009681 0.0007414
   299/299     5.94G   0.04047   0.01262    0.0044   0.05749         3      1024    0.2251    0.6882    0.5812    0.3065   0.03394   0.00973 0.0007236
