      0/49     1.89G    0.1087   0.05214   0.03608    0.1969         5      1024  0.001806  0.007752 7.916e-05 1.077e-05    0.1001   0.03218   0.03195
      1/49     1.89G   0.09321   0.04134   0.03089    0.1654         4      1024    0.6814  0.005168 0.0004335 5.247e-05   0.09263   0.02644   0.02738
      2/49     1.89G   0.08944   0.03808   0.02906    0.1566         5      1024    0.6814  0.005168 0.0004335 5.247e-05   0.09263   0.02644   0.02738
      3/49     1.89G   0.08698     0.041   0.02856    0.1565         9      1024    0.6814  0.005168 0.0004335 5.247e-05   0.09263   0.02644   0.02738
      4/49     1.89G   0.09003   0.04037   0.02747    0.1579         8      1024    0.3396  0.002584 0.0002621 4.964e-05   0.08849   0.02452   0.02284
      5/49     1.89G   0.08356   0.04027   0.02316     0.147         2      1024    0.4051   0.02758  0.005763  0.001206   0.07971   0.02542   0.01992
      6/49     1.89G   0.07856   0.04158   0.02048    0.1406         4      1024    0.3598   0.03792  0.004943 0.0008837   0.07762   0.02605   0.01606
      7/49     1.89G   0.07277   0.04034   0.01615    0.1293         4      1024    0.3822   0.05484   0.01281  0.002252   0.07358   0.02636   0.01405
      8/49     1.89G   0.07108   0.04152   0.01553    0.1281         2      1024    0.3855   0.05743   0.02022  0.006415   0.07081   0.02564   0.01307
      9/49     1.89G   0.06949   0.04028   0.01427     0.124         3      1024    0.4182   0.06634    0.0313  0.007731   0.07122   0.02622   0.01156
     10/49     1.89G   0.06407   0.03917   0.01287    0.1161         5      1024    0.4099    0.1769    0.0668   0.01863   0.06427   0.02624  0.009902
