0 0.121362 0.274414 0.0757825 0.0273438
0 0.22872 0.0761719 0.0543657 0.0273438
1 0.250686 0.467285 0.0323998 0.0205078
2 0.941516 0.438965 0.088413 0.385742
0 0.295167 0.855469 0.0280066 0.0214844
1 0.295717 0.855469 0.0280066 0.0214844
2 0.690555 0.270996 0.19385 0.12207
1 0.241625 0.0839844 0.0538166 0.0351562
2 0.517573 0.776855 0.0137287 0.0888672
2 0.565623 0.714844 0.0329489 0.078125
1 0.0730368 0.32373 0.10324 0.0791016
2 0.511258 0.129395 0.0197694 0.125977
1 0.254256 0.488281 0.0263591 0.03125
2 0.335255 0.473633 0.0971993 0.0507812
1 0.17765 0.282715 0.103789 0.0751953
2 0.518946 0.37793 0.0428336 0.0605469
