      0/99     7.82G   0.06465   0.06432   0.01099      0.14         1      1920    0.2808     0.677    0.2875    0.1239   0.04558   0.03751  0.003959
      1/99     7.83G   0.05129   0.05145    0.0074    0.1101        10      1920    0.2899    0.8117    0.2818    0.1119   0.04259   0.03781  0.002257
      2/99     7.83G   0.04567   0.03847  0.004241   0.08838         7      1920    0.2844    0.8417    0.2759    0.1234   0.04069    0.0339  0.001975
      3/99     7.83G   0.04573   0.03702   0.00365    0.0864         3      1920    0.2855    0.8347    0.2862    0.1254   0.04355   0.03125  0.001577
      4/99     7.83G    0.0448    0.0371  0.003314   0.08521        17      1920    0.2779     0.845    0.2708     0.122   0.04327   0.03095  0.001486
      5/99     7.83G    0.0427   0.03248  0.002527    0.0777         4      1920    0.2188    0.7961    0.2276    0.1013   0.04891   0.03057  0.001336
      6/99     7.83G   0.05311   0.03338  0.002233   0.08872         1      1920    0.2323    0.5972    0.2122   0.07042   0.05813   0.02985  0.001262
      7/99     7.83G   0.06068   0.03108  0.002746    0.0945         4      1920    0.2478    0.7063    0.2205   0.07328   0.05693   0.02759  0.001918
      8/99     7.83G   0.05975   0.03479  0.003557    0.0981         2      1920    0.2063    0.7983    0.2324   0.09076   0.05611    0.0369  0.002476
      9/99     7.83G   0.05614     0.031  0.003391   0.09053         6      1920    0.2337    0.6409    0.2258   0.09249   0.05742   0.03042  0.001866
     10/99     7.83G   0.05571   0.02961  0.002694   0.08801         6      1920    0.2452    0.8068     0.245   0.09935    0.0552   0.03118  0.001539
     11/99     7.83G   0.05722   0.03137  0.002424   0.09101         8      1920    0.2258    0.7042    0.2149   0.08206   0.05656   0.02913  0.001465
     12/99     7.83G   0.05364   0.02792  0.002206   0.08376         3      1920    0.2824    0.7644    0.2842    0.1296   0.05004   0.02777  0.001685
     13/99     7.83G   0.05567   0.03072  0.002292   0.08868         7      1920    0.2491    0.6814     0.227   0.08721   0.05054   0.02862   0.00157
     14/99     7.83G   0.04888     0.032  0.003013   0.08389         9      1920    0.2596    0.8408    0.2724    0.1297   0.04684   0.02871  0.001984
     15/99     7.83G   0.04968   0.03145  0.002648   0.08377         2      1920    0.2938    0.6565    0.2701   0.09161   0.05212   0.02952   0.00237
     16/99     7.83G   0.04444   0.02888  0.001773    0.0751         1      1920     0.264    0.8827    0.2685    0.1282   0.04249   0.03098  0.001231
     17/99     7.83G   0.04874   0.02745  0.001679   0.07787        10      1920    0.2641    0.7957    0.2614    0.1111   0.04828   0.03042   0.00134
     18/99     7.83G   0.04455   0.02792  0.002015   0.07448         5      1920     0.296    0.7867    0.2876    0.1342   0.04236   0.03064  0.001558
     19/99     7.83G   0.04592   0.02761  0.001833   0.07536         3      1920    0.2543    0.7414    0.2361   0.08349   0.04563    0.0302  0.001263
     20/99     7.83G   0.04714   0.02901  0.001957   0.07811        10      1920     0.295    0.7868    0.2828    0.1211   0.04233   0.02995  0.001339
     21/99     7.83G   0.04066   0.02818  0.002014   0.07085         5      1920    0.2883     0.837    0.2715    0.1252   0.04111   0.03181  0.001385
     22/99     7.83G   0.04197    0.0293  0.001977   0.07325         5      1920    0.2657    0.8404    0.2507   0.09563   0.04416   0.03226  0.001231
     23/99     7.83G   0.04458   0.02837  0.001473   0.07442         5      1920    0.2633    0.8173    0.2525   0.09936   0.04241    0.0328   0.00126
     24/99     7.83G   0.04115   0.02783  0.001607   0.07059        13      1920     0.285    0.8663    0.2716    0.1232   0.04191   0.03013  0.001117
     25/99     7.83G   0.04227   0.02882  0.001639   0.07273         5      1920    0.2301    0.8429    0.2256    0.1056   0.04067    0.0301  0.001161
     26/99     7.83G   0.03876   0.02788   0.00152   0.06816         9      1920    0.2773     0.826    0.2698    0.1288   0.03764   0.03133  0.001239
     27/99     7.83G   0.03801   0.02706  0.001742   0.06681         3      1920    0.2747    0.8478    0.2638    0.1269   0.03883   0.03128  0.001386
     28/99     7.83G   0.03752    0.0261  0.001637   0.06526         1      1920    0.2828    0.8829    0.2688    0.1318   0.03925   0.03336  0.001131
     29/99     7.83G   0.03772   0.02641  0.001507   0.06564         3      1920     0.283     0.829    0.2676    0.1155   0.04334   0.03281  0.001376
     30/99     7.83G    0.0367    0.0263  0.001296   0.06429         1      1920    0.2553    0.7755    0.2411    0.1041   0.03989    0.0349   0.00105
     31/99     7.83G   0.03795   0.02481  0.001331    0.0641        10      1920     0.285    0.8536    0.2707    0.1174   0.04046   0.03192   0.00136
     32/99     7.83G   0.04192    0.0281   0.00138    0.0714         5      1920    0.2881    0.8639    0.2654    0.1185   0.03837   0.03131  0.001422
     33/99     7.83G   0.03927   0.02868  0.001681   0.06963        16      1920    0.2761    0.8468    0.2651    0.1166   0.04203   0.03231   0.00137
     34/99     7.83G   0.03798   0.02634  0.001269   0.06559         2      1920    0.2807    0.8526    0.2589    0.1285   0.03798   0.03243  0.001456
     35/99     7.83G   0.03843   0.02527  0.001512   0.06521         2      1920    0.2631    0.8356     0.244    0.1051   0.03984   0.03227  0.001379
     36/99     7.83G   0.03509   0.02669  0.001299   0.06308         2      1920    0.2729    0.8516    0.2681    0.1348   0.03767   0.03266  0.001214
     37/99     7.83G   0.03274   0.02581  0.001262   0.05981         1      1920    0.2634    0.8244    0.2503    0.1275    0.0365   0.03318  0.001233
     38/99     7.83G   0.03449   0.02616 0.0009643   0.06162         4      1920    0.2728    0.8478    0.2567    0.1216   0.03765   0.03376  0.001114
     39/99     7.83G   0.03656   0.02174 0.0009728   0.05927         2      1920    0.2674    0.8808    0.2549    0.1227    0.0377   0.03282   0.00112
     40/99     7.83G   0.03527   0.02533 0.0009751   0.06157         6      1920    0.2819    0.8067    0.2644     0.128   0.03611   0.03271  0.001149
     41/99     7.83G   0.03444   0.02557  0.001151   0.06116        11      1920    0.2673     0.798     0.255    0.1225   0.03719    0.0331  0.001221
     42/99     7.83G   0.03333   0.02527  0.001596   0.06019         5      1920    0.2586    0.7842    0.2484    0.1205    0.0374   0.03345  0.001329
     43/99     7.83G   0.03494   0.02422  0.001313   0.06047         2      1920    0.2737    0.8527    0.2583    0.1179   0.03715   0.03386  0.001106
     44/99     7.83G    0.0327   0.02437  0.001354   0.05842         2      1920     0.285    0.8751    0.2675    0.1262   0.03644   0.03356 0.0009272
     45/99     7.83G   0.03278   0.02605  0.001018   0.05985        10      1920    0.2701    0.8292    0.2609    0.1194   0.03764    0.0335 0.0009087
     46/99     7.83G   0.03384   0.02584  0.001122    0.0608         1      1920    0.2943    0.8868    0.2798    0.1325    0.0352   0.03518 0.0008284
     47/99     7.83G   0.03003   0.02551  0.001152   0.05669         7      1920      0.29    0.8859    0.2793    0.1332    0.0347   0.03504 0.0008347
     48/99     7.83G   0.03099   0.02304 0.0009468   0.05498         7      1920    0.2752    0.8751    0.2638    0.1233   0.03607   0.03487 0.0008823
     49/99     7.83G    0.0294   0.02499 0.0009702   0.05537        13      1920     0.276    0.8938    0.2774    0.1294   0.03579   0.03587 0.0006918
     50/99     7.83G   0.02926   0.02555 0.0009274   0.05574         5      1920    0.2867    0.8829    0.2759    0.1324   0.03535   0.03623 0.0006953
     51/99     7.83G   0.03213   0.02265 0.0006945   0.05547         7      1920    0.2728    0.8166     0.256     0.113   0.03947   0.03458 0.0007033
     52/99     7.83G   0.03503   0.02547  0.001324   0.06183         4      1920    0.2726    0.7997    0.2593    0.1273   0.03553   0.03267 0.0006993
     53/99     7.83G   0.02965   0.02465 0.0007646   0.05507        12      1920    0.2822    0.9044    0.2719    0.1224   0.03485   0.03422 0.0007063
     54/99     7.83G   0.02906   0.02467  0.001178   0.05491         5      1920    0.2704    0.7932    0.2564    0.1327   0.03332   0.03508 0.0008379
     55/99     7.83G   0.02887   0.02325 0.0008002   0.05292         5      1920    0.2827    0.8905     0.274     0.139   0.03527   0.03637  0.001018
     56/99     7.83G   0.02951   0.02276  0.001321   0.05359         9      1920    0.2751    0.8221    0.2618     0.136    0.0355   0.03591  0.001015
     57/99     7.83G   0.02933   0.02223 0.0009159   0.05248        10      1920    0.2774    0.8312    0.2599    0.1269   0.03596   0.03506   0.00114
     58/99     7.83G   0.02884   0.02278 0.0009246   0.05254         1      1920    0.2814    0.8402     0.267    0.1278   0.03615   0.03564 0.0009731
     59/99     7.83G   0.02774   0.02274 0.0007899   0.05127         6      1920    0.2842    0.8864    0.2724    0.1427   0.03464   0.03663 0.0008713
     60/99     7.83G   0.02847   0.02225 0.0006669   0.05139         9      1920    0.2796    0.8751    0.2665    0.1339   0.03555   0.03676 0.0008336
     61/99     7.83G   0.02766   0.02235 0.0006538   0.05066         4      1920    0.2779    0.8985    0.2686    0.1243   0.03834   0.03594 0.0007567
     62/99     7.83G    0.0279   0.02182 0.0006291   0.05035         2      1920    0.2801    0.8838    0.2654    0.1318   0.03568   0.03588 0.0006947
     63/99     7.83G   0.02722   0.02218 0.0006038      0.05         1      1920    0.2587    0.8833     0.252    0.1224   0.03614   0.03626 0.0006838
     64/99     7.83G   0.02678     0.023 0.0008878   0.05067         2      1920     0.262    0.8393    0.2505    0.1258   0.03598    0.0375 0.0006665
     65/99     7.83G   0.02778   0.02324 0.0006846   0.05171        12      1920     0.272    0.8274    0.2591    0.1265   0.03488   0.03886 0.0007029
     66/99     7.83G   0.02761   0.02259 0.0005248   0.05073         3      1920    0.2701    0.8149    0.2506    0.1303   0.03417    0.0387 0.0007001
     67/99     7.83G   0.02713   0.02258 0.0006856    0.0504         2      1920    0.2605    0.7457    0.2353    0.1212   0.03585   0.03801 0.0007316
     68/99     7.83G   0.02578   0.02034  0.000619   0.04674         4      1920    0.2695    0.7873    0.2457    0.1291   0.03497   0.03805 0.0007957
     69/99     7.83G   0.02538   0.02293   0.00054   0.04884         7      1920     0.268    0.7649     0.244    0.1256   0.03499   0.03892  0.000877
     70/99     7.83G   0.02695   0.02199 0.0007248   0.04966         9      1920      0.25    0.7542    0.2215    0.1161   0.03561   0.03907 0.0008262
     71/99     7.83G    0.0269   0.02174 0.0006223   0.04926         6      1920    0.2653    0.8165    0.2396    0.1164   0.03662   0.04034 0.0009015
     72/99     7.83G   0.02761   0.02172 0.0005678    0.0499        14      1920    0.2682    0.7708    0.2373    0.1262    0.0345   0.04042 0.0009915
     73/99     7.83G   0.02574   0.02089 0.0004959   0.04712         0      1920    0.2667    0.7825    0.2415    0.1256   0.03556   0.04002 0.0009405
     74/99     7.83G   0.02555   0.02085  0.000607   0.04701         4      1920    0.2601    0.8108    0.2342    0.1166   0.03692   0.04026  0.001034
     75/99     7.83G   0.02512   0.02182 0.0005076   0.04745        10      1920     0.268    0.8283    0.2437    0.1237   0.03559    0.0413  0.001081
     76/99     7.83G    0.0247   0.01994 0.0004388   0.04508        15      1920    0.2594      0.84    0.2433    0.1268   0.03493   0.04121  0.001105
     77/99     7.83G   0.02517   0.01994 0.0005789   0.04569         6      1920    0.2494    0.8209    0.2362    0.1275   0.03533   0.04058 0.0007816
     78/99     7.83G   0.02526   0.02127 0.0006332   0.04716         1      1920     0.264    0.7264    0.2422    0.1249   0.03407   0.04085 0.0006743
     79/99     7.83G   0.02454   0.02113 0.0005142   0.04618         5      1920    0.2685    0.7723    0.2441    0.1274   0.03405   0.04171 0.0006539
     80/99     7.83G   0.02399   0.02209 0.0005327   0.04662         2      1920    0.2655    0.7696    0.2373    0.1225   0.03455   0.04152 0.0005815
     81/99     7.83G   0.02444   0.02144 0.0004938   0.04638         9      1920    0.2616    0.7932    0.2368    0.1198   0.03446   0.04271 0.0005288
     82/99     7.83G   0.02383   0.02185 0.0004874   0.04617         9      1920    0.2582    0.7363    0.2291    0.1213   0.03472   0.04237 0.0005282
     83/99     7.83G   0.02407   0.01968 0.0004253   0.04418         2      1920    0.2552    0.7766    0.2266      0.12   0.03447    0.0427 0.0006147
     84/99     7.83G   0.02369   0.01964 0.0003797   0.04371         0      1920    0.2502    0.7717    0.2226    0.1176   0.03496   0.04309  0.000608
