      0/99     1.89G    0.1087   0.05215   0.03608    0.1969         5      1024  0.001819  0.007752 8.749e-05 1.072e-05       0.1   0.03219   0.03195
      1/99     1.89G   0.09313   0.04137   0.03088    0.1654         4      1024    0.6809  0.005168 0.0003641 4.497e-05   0.09262    0.0264   0.02721
      2/99     1.89G   0.08943   0.03813   0.02902    0.1566         5      1024    0.6809  0.005168 0.0003641 4.497e-05   0.09262    0.0264   0.02721
      3/99     1.89G   0.08692   0.04104   0.02853    0.1565         9      1024    0.6809  0.005168 0.0003641 4.497e-05   0.09262    0.0264   0.02721
      4/99     1.89G   0.09045    0.0402   0.02734     0.158         8      1024    0.3346   0.01034 0.0001762 2.817e-05   0.08881   0.02453    0.0227
      5/99     1.89G   0.08328   0.04014    0.0231    0.1465         2      1024    0.3707   0.05342  0.007028  0.001351   0.08128   0.02529   0.01946
      6/99     1.89G   0.07809   0.04187   0.02031    0.1403         4      1024    0.3626   0.01609  0.003155 0.0005866   0.07814   0.02627   0.01578
      7/99     1.89G   0.07171   0.04032   0.01605    0.1281         4      1024    0.3698   0.07726   0.01512  0.003508   0.07212   0.02706   0.01399
      8/99     1.89G   0.07175   0.04069   0.01507    0.1275         2      1024    0.4345   0.07784   0.03178  0.007101   0.07068   0.02581   0.01284
      9/99     1.89G   0.07186   0.03929   0.01383     0.125         3      1024    0.3789    0.1658   0.03587  0.007013    0.0726   0.02687   0.01154
     10/99     1.89G   0.06568   0.03869   0.01278    0.1172         5      1024    0.4117    0.2241   0.04914   0.01237   0.06403   0.02729    0.0103
     11/99     1.89G   0.06976   0.03518    0.0108    0.1157         5      1024    0.3887    0.2396   0.04595  0.009286    0.0685   0.02755  0.009955
     12/99     1.89G   0.06412   0.03491   0.01137    0.1104         8      1024   0.04386    0.3039   0.04265   0.01227   0.06198   0.03027  0.008586
     13/99     1.89G   0.06673   0.03517  0.009674    0.1116         6      1024   0.04822    0.4834   0.04197  0.007667   0.07373   0.02297   0.00738
     14/99     1.89G   0.06428   0.03317  0.009358    0.1068         5      1024    0.1788     0.308    0.1008   0.02764   0.06088   0.02563  0.007262
     15/99     1.89G   0.05763    0.0321  0.008233   0.09796         5      1024    0.2037    0.4143    0.1272   0.03278   0.05916     0.025  0.006452
     16/99     1.89G   0.06368   0.02883  0.007566    0.1001         1      1024    0.1373    0.4535    0.1271    0.0335   0.05807   0.02962  0.006126
     17/99     1.89G   0.05901   0.03199  0.006572   0.09757         9      1024      0.24    0.4414    0.1747   0.05748   0.05312   0.02453  0.004784
     18/99     1.89G   0.05215   0.02927  0.005964   0.08739         7      1024    0.2401    0.5866    0.2198   0.08258   0.04818   0.02478  0.003857
     19/99     1.89G   0.05541   0.02837  0.005293   0.08908         3      1024    0.1898    0.4547    0.1318   0.04347   0.05396   0.02302  0.003322
     20/99     1.89G   0.05652   0.02661  0.004995   0.08813         1      1024    0.2413    0.4659    0.1767   0.05907     0.051   0.02299  0.003369
     21/99     1.89G   0.05773   0.02796  0.004041   0.08973         5      1024    0.1959    0.4797    0.1588      0.05   0.05475    0.0207  0.003291
     22/99     1.89G   0.05206   0.02918  0.004589   0.08582         2      1024    0.2224    0.5037    0.2189   0.07624   0.04709    0.0227  0.003269
     23/99     1.89G   0.05236   0.02543   0.00378   0.08157        10      1024    0.2471    0.5158    0.2297   0.07496   0.05142   0.02208  0.002744
     24/99     1.89G   0.05476   0.02657  0.003912   0.08524         2      1024    0.2177    0.4592    0.1819   0.06139   0.04821   0.02233  0.002879
     25/99     1.89G   0.04528   0.02573  0.003359   0.07438         6      1024    0.2648    0.4703    0.2247   0.08513    0.0429   0.02317  0.002222
     26/99     1.89G   0.04173   0.02498  0.003447   0.07016         2      1024    0.2401    0.6179     0.237    0.1012   0.04072   0.02462  0.001872
     27/99     1.89G   0.04875   0.02688   0.00242   0.07805         9      1024    0.2476    0.6398    0.2498   0.09079   0.04376     0.023  0.002138
     28/99     1.89G   0.04582   0.02492  0.002372   0.07311         7      1024    0.3013    0.5199    0.2671    0.1178   0.04091   0.02098   0.00225
     29/99     1.89G   0.04445   0.02408  0.002547   0.07107        13      1024    0.3012    0.5854    0.3111    0.1407   0.04054   0.02162  0.002059
     30/99     1.89G   0.04526   0.02466  0.002827   0.07274         9      1024    0.2578    0.5535    0.2714    0.0975   0.04463    0.0219  0.002127
     31/99      1.9G   0.04662   0.02393  0.002386   0.07294         5      1024    0.2862     0.608    0.2958    0.1205   0.04116   0.02158  0.001712
     32/99      1.9G   0.04275   0.02412  0.002965   0.06984         2      1024    0.2747    0.5277    0.2708    0.1195   0.04152   0.02228  0.001714
     33/99      1.9G   0.04196   0.02378  0.001806   0.06754         8      1024    0.2735    0.6498    0.2834    0.1352    0.0384   0.02204  0.001927
     34/99      1.9G   0.04109   0.02299  0.001927   0.06601        11      1024    0.2784    0.6345    0.2711    0.1273   0.03778   0.02288  0.002135
     35/99      1.9G   0.04234   0.02107   0.00207   0.06548         6      1024    0.2714    0.5799    0.2559    0.1084   0.04059   0.02123  0.002283
     36/99      1.9G   0.04367     0.022  0.002238   0.06791         1      1024    0.2612    0.7059    0.2635    0.1224   0.03876   0.02173  0.002391
     37/99      1.9G   0.04166   0.02369  0.002494   0.06784        12      1024    0.2535    0.7805    0.2669    0.1179   0.03759    0.0222   0.00235
     38/99      1.9G   0.03779   0.02222  0.001774   0.06178        15      1024    0.2791    0.7096     0.272    0.1325   0.03688   0.02182  0.001713
     39/99      1.9G   0.03677   0.02158  0.001727   0.06008         2      1024    0.2548    0.6826    0.2456    0.1128   0.03744   0.02216  0.001491
     40/99      1.9G   0.03704     0.023  0.001667   0.06171        24      1024    0.2839    0.7762    0.2858    0.1457   0.03464   0.02289  0.001303
     41/99      1.9G    0.0344    0.0206  0.001352   0.05636         9      1024    0.2572    0.8096    0.2739    0.1239   0.03521   0.02245  0.001496
     42/99      1.9G   0.03635   0.02215  0.001431   0.05993         4      1024    0.2657    0.7788    0.2789    0.1288   0.03749   0.02282  0.001452
     43/99      1.9G   0.04073   0.02243  0.001496   0.06465         8      1024     0.299    0.6908    0.2806    0.1343   0.03465   0.02175  0.001784
     44/99      1.9G   0.03624   0.02272  0.001572   0.06053         6      1024    0.2812    0.8184    0.2936    0.1395   0.03491   0.02218  0.001904
     45/99      1.9G   0.03798   0.02154  0.001547   0.06107         8      1024    0.2713    0.6977    0.2785    0.1382   0.03612   0.02173  0.001759
     46/99      1.9G   0.03601   0.02185  0.001801   0.05966         9      1024    0.2811    0.6422    0.2812     0.143   0.03366    0.0222  0.001792
     47/99      1.9G   0.03621   0.02051  0.001232   0.05795         5      1024    0.2947    0.7954    0.3053    0.1596   0.03326   0.02135  0.001985
     48/99      1.9G   0.03392     0.022  0.001412   0.05733         5      1024     0.306    0.6636    0.2978    0.1527   0.03403   0.02228  0.002007
     49/99      1.9G   0.03195   0.02163   0.00122    0.0548         5      1024    0.2773    0.7864    0.2916    0.1408    0.0344   0.02222   0.00191
     50/99      1.9G   0.03499   0.01953  0.001218   0.05574         5      1024    0.2865    0.7698    0.2968     0.151   0.03293   0.02171  0.001913
     51/99      1.9G   0.03281    0.0207  0.001283   0.05479         1      1024    0.2833    0.8037    0.2963    0.1708   0.03081   0.02315  0.001885
     52/99      1.9G   0.03143    0.0188  0.001228   0.05147         4      1024    0.2858    0.7727    0.3073    0.1606   0.03259   0.02423  0.001616
     53/99      1.9G   0.03319   0.02026  0.001158   0.05461         5      1024    0.2661    0.7268    0.2817    0.1575   0.03173   0.02336  0.001884
     54/99      1.9G   0.03186    0.0206  0.001088   0.05355         5      1024    0.2784    0.7395     0.279    0.1387   0.03267   0.02425  0.001887
     55/99      1.9G   0.03422   0.01966  0.001174   0.05505         5      1024    0.2708    0.8296    0.2933    0.1489   0.03406   0.02232  0.001735
     56/99      1.9G    0.0318   0.02134  0.001382   0.05452         6      1024    0.2822    0.8411    0.2972     0.152    0.0326   0.02214   0.00174
     57/99      1.9G   0.03245   0.01963   0.00117   0.05325         6      1024    0.2873    0.8214     0.298    0.1558   0.03347   0.02119   0.00167
     58/99      1.9G   0.03067    0.0203   0.00107   0.05204        16      1024    0.2944    0.8218    0.3079    0.1739   0.03085   0.02253  0.001753
     59/99      1.9G   0.02965   0.02033  0.001225    0.0512         3      1024    0.2952    0.7767    0.2942    0.1705    0.0303   0.02404  0.001729
     60/99      1.9G   0.02965   0.02045  0.001132   0.05123         7      1024    0.2878    0.8003    0.2946    0.1651   0.03074   0.02377  0.001654
     61/99      1.9G   0.02862   0.01904  0.001184   0.04885         4      1024    0.2913     0.808    0.2987    0.1585   0.03129   0.02392   0.00165
     62/99      1.9G    0.0288   0.01998  0.001433   0.05022         2      1024    0.2926    0.8222    0.3059    0.1764   0.03002   0.02318  0.001547
     63/99      1.9G   0.03024   0.02041 0.0008726   0.05152         2      1024    0.2911    0.8237    0.2943    0.1584   0.03337   0.02363  0.001402
     64/99      1.9G   0.03106   0.01747  0.001081   0.04962         3      1024    0.2943    0.8561     0.299    0.1675   0.02997   0.02345  0.001429
     65/99      1.9G   0.02903   0.02034 0.0009583   0.05032         5      1024    0.2941     0.844    0.2981    0.1738   0.02958   0.02393  0.001511
     66/99      1.9G   0.02681   0.01858 0.0008482   0.04624         9      1024    0.2925    0.8116    0.2911     0.168   0.03069   0.02421  0.001421
     67/99      1.9G   0.02657   0.01847 0.0007559    0.0458         2      1024    0.2886    0.7941    0.2808      0.16    0.0301   0.02509  0.001326
     68/99      1.9G   0.02781   0.02091  0.000729   0.04945        10      1024    0.2886    0.7973    0.2884    0.1603   0.03018   0.02526  0.001302
     69/99      1.9G   0.02844   0.01914 0.0006801   0.04826         7      1024    0.2655    0.8322    0.2829    0.1527   0.03078   0.02457  0.001363
     70/99      1.9G    0.0287   0.02031 0.0006654   0.04967        17      1024    0.2813    0.8245    0.2851    0.1603   0.02953   0.02417  0.001363
     71/99      1.9G   0.02742   0.01802 0.0008219   0.04626         2      1024    0.2812    0.7878    0.2814    0.1618   0.02998   0.02431  0.001463
     72/99      1.9G   0.02718   0.01865  0.001071    0.0469         1      1024    0.2835    0.8259    0.2812    0.1651   0.02943     0.025  0.001345
     73/99      1.9G   0.02741   0.02031 0.0008446   0.04856         3      1024    0.2867    0.8386    0.2855    0.1619   0.03073   0.02445  0.001327
     74/99      1.9G   0.02656   0.01734 0.0007076    0.0446         2      1024    0.2912    0.8055      0.29    0.1685   0.02961   0.02455  0.001298
     75/99      1.9G   0.02553   0.01869 0.0006521   0.04487         3      1024    0.2922     0.825    0.2944    0.1714   0.02948   0.02456  0.001352
     76/99      1.9G   0.02508   0.01832 0.0006212   0.04402         5      1024    0.2895    0.8257    0.2901    0.1699   0.02951   0.02531  0.001314
     77/99      1.9G   0.02488   0.01713 0.0005382   0.04255         4      1024    0.2882    0.8176    0.2814    0.1677   0.02883   0.02578  0.001337
     78/99      1.9G   0.02732   0.01935 0.0005899   0.04726         2      1024    0.2754    0.8225    0.2767    0.1576   0.03038   0.02633  0.001283
     79/99      1.9G   0.02642   0.01892 0.0007792   0.04612         7      1024    0.2883    0.7986    0.2831    0.1619   0.03013   0.02538  0.001308
     80/99      1.9G   0.02589   0.01907 0.0007377    0.0457         4      1024    0.2874    0.8127    0.2858    0.1639   0.02949    0.0255  0.001284
     81/99      1.9G   0.02543   0.01831 0.0005068   0.04425         7      1024    0.2971    0.8339    0.2874    0.1606   0.02956   0.02607   0.00127
     82/99      1.9G    0.0258   0.02027 0.0006727   0.04674        11      1024     0.288    0.8076    0.2872     0.162    0.0297   0.02561  0.001203
     83/99      1.9G   0.02553   0.01909  0.000607   0.04523         5      1024    0.2915    0.7968     0.289    0.1668   0.02973   0.02557   0.00124
     84/99      1.9G   0.02389   0.01774  0.000579    0.0422         4      1024     0.297     0.811    0.2944    0.1749   0.02883   0.02568   0.00127
     85/99      1.9G   0.02441   0.01863 0.0005691   0.04361         6      1024    0.2918    0.8279    0.2919    0.1707     0.029   0.02611  0.001203
     86/99      1.9G   0.02427   0.01876 0.0006819   0.04371         4      1024    0.2897     0.802    0.2887     0.176   0.02866   0.02605  0.001254
     87/99      1.9G   0.02442   0.01814 0.0008992   0.04345         2      1024     0.284    0.8137    0.2836    0.1749   0.02785   0.02621  0.001317
     88/99      1.9G   0.02443    0.0177 0.0007559   0.04288         4      1024    0.2831    0.7756    0.2694    0.1663   0.02823   0.02618  0.001343
     89/99      1.9G   0.02371   0.01781 0.0005636   0.04209         6      1024     0.281     0.773    0.2713    0.1611   0.02908   0.02656  0.001388
     90/99      1.9G   0.02327    0.0178 0.0007582   0.04184         2      1024    0.2782    0.7846    0.2682    0.1622   0.02807   0.02612  0.001376
     91/99      1.9G   0.02327    0.0173 0.0003958   0.04096         6      1024    0.2814    0.8467    0.2784    0.1636   0.02841   0.02642  0.001455
     92/99      1.9G   0.02414   0.01779 0.0005463   0.04248         2      1024    0.2871    0.8078    0.2787     0.166   0.02888   0.02616  0.001445
     93/99      1.9G   0.02429   0.01858 0.0006138   0.04348         7      1024    0.2801    0.8361    0.2777     0.165   0.02834   0.02637  0.001403
     94/99      1.9G   0.02393    0.0175 0.0005423   0.04196         3      1024    0.2863     0.794    0.2775    0.1621   0.02854   0.02614  0.001422
     95/99      1.9G   0.02291    0.0174 0.0006888   0.04101         5      1024     0.278    0.8026    0.2705    0.1642    0.0288   0.02675  0.001373
     96/99      1.9G   0.02314   0.01741  0.000925   0.04147         9      1024    0.2867    0.7605    0.2796    0.1659   0.02904   0.02666  0.001406
     97/99      1.9G   0.02333   0.01802 0.0007365   0.04209         7      1024    0.2817    0.8243    0.2756      0.16   0.02903   0.02692  0.001409
     98/99      1.9G   0.02316    0.0171 0.0005003   0.04076         5      1024    0.2844    0.8001    0.2768    0.1648   0.02846   0.02744  0.001403
     99/99      1.9G   0.02377   0.01791 0.0004733   0.04215        10      1024    0.2852    0.8065    0.2764    0.1646   0.02839   0.02744  0.001331
